v <- c(2, 3.555555, 676)

t <- c(8, 54, 879)